431
0
16.4167130
43.4134567
10192.657
21648.030
33735.121
60333.4476
60352.6584
60393.1693
61981.83211
64086.96961
64089.8990
64090.99351
68856.35208
69689.49393
69710.68728
69744.05213
70743.97227
71352.54344
71364.93596
71385.40992
72610.73530
73975.92785
75254.0017
75255.29373
75256.1696
77679.83311
78105.00058
78116.77336
78148.10824
78199.09144
78215.54012
78249.96676
78293.51263
78307.64625
78318.26602
78340.29782
78731.2956
79310.86822
79318.8093
79323.1883
80562.88550
80782.44916
80801.28887
80834.62491
81105.06418
81311.0544
81325.81077
81344.05485
81769.87089
83497.58690
83740.0964
83752.4388
83791.0880
83747.43248
83761.27417
83798.61582
83820.1576
83838.0728
83848.8700
83877.305
83919.66322
83919.77375
83926.22434
83926.42382
83947.2231
83986.22212
83986.4926
84013.27526
84013.4311
84015.87795
84016.2748
84032.1471
84036.3320
84036.4454
84103.1238
84116.1152
84121.2260
84851.4691
84935.362
84950.41
84985.0033
85169.66
85188.9670
85203.6756
85399.833
85625.190
86185.2332
86317.69
86327.1863
86369.385
86321.97
86331.651
86369.622
86362.54
86389.425
86397.83
86412.0301
86412.1310
86414.5662
86414.7662
86416.575
86426.7910
86426.7917
86427.2556
86427.25603
86449.208
86469.5436
86469.7252
86482.6727
86482.794
86485.5912
86485.5929
86488.0240
86488.3559
86489.6298
86489.6302
86491.441
86494.8507
86494.85415
86498.4194
86498.4202
86498.523
86498.753
86506.7138
86519.506
86523.19
86912.89
86956.176
86965.494
87002.31
87077.402
87103.134
87113.239
87218.275
87341.05
87633.77
87708.22
87713.42
87760.63
87711.39
87718.583
87753.763
87735.33
87773.113
87777.18
87762.15
87762.23
87763.14
87763.21
87769.960
87769.963
87770.2889
87770.2889
87771.358
87771.359
87771.366
87771.366
87789.646
87806.95
87819.96
87820.05
87826.99
87827.043
87829.458
87829.470
87830.18
87831.3
87831.5
87832.341
87832.348
87832.568
87843.93
87845.1
87833.091
87833.093
87833.962
87833.962
87835.6391
87835.642
87836.050
87836.053
87837.135
87837.136
87837.76
87837.76
87837.808
87837.808
88061.34
88092.00
88096.06
88135.84
88159.93
88192.34
88198.20
88260.38
88333.99
88498.63
88545.02
88543.5
88558.62
88543.78
88549.095
88574.89
88574.90
88575.36
88575.36
88584.28
88615.02
88596.17
88625.02
88604.76
88606.32
88634.03
88634.12
88638.32
88638.32
88638.99
88639.1
88641.4
88641.5
88645.36
88645.37
88646.9
88648.4
88767.03
88789
88790.86
88836.15
88913.57
88874.00
88960.65
89054.17
89081.96
89081.3
89091.25
89081.64
89085.39
89101.81
89101.83
89101.87
89101.87
89121.9
89149.35
89136.58
89155.71
89142.68
89144.03
89162.15
89162.15
89162.6
89164.74
89164.92
89164.92
89167.2
89167.2
89169.2
89170.01
89169.93
89169.93
89232.43
89299.13
89350.11
89381.63
89431.49
89449.54
89448.6
89451.85
89448.6
89456.15
89505.99
89519.15
89510.46
89513.4
89514.69
89523.4
89525.56
89527.1
89529.3
89555.54
89621.09
89678.13
89698.0
89711.40
89710.9
89712.0
89713.2
89716.33
89769.57
89779.1
89772.89
89773.2
89783.08
89783.8
89783.4
89785.7
89789.23
89895.6
89905.05
89903.4
89905.4
89905.4
89906.5
89966.69
89970.
89969.26
89971.39
89974.52
89976.0
89975.9
89975.9
90051.4
90051.6
90051.53
90051.6
90054.38
90110.8
90114.0
90115.5
90117.5
90118.0
90118.5
90118.5
90119.87
90162.8
90166.4
90165.6
90166.4
90168.01
90228.7
90229.0
90229.76
90230.
90230.
90230.1
90232.16
90230.83
90255.1
90259.12
90255.3
90257.2
90256.58
90318.0
90318.0
90320.4
90320.66
90322.35
90325
90325
90325
90326.0
90330.1
90329.68
90332.9
90389.0
90390.2
90391.2
90393.8
90393.8
90393.93
90395.41
90395.9
90395.9
90395.9
90438.32
90453.0
90453.0
90453.15
90454.59
90479.63
90500.8
90503.0
90502.72
90503.12
90514.2
90543.2
90543.2
90543.9
90544.88
90545.6
90570.30
90574.7
90574.7
90578.67
90579.0
90592.47
90605.1
90605.1
90609.6
90610.1
90634.5
90656.0
90675.8
90692.46
90707.8
90721.1
90732.92
90743.88
90753.8
103541.69
103562.31
103587.18
103762
105799.119
115060
115070
115080
115209
124511.9
124577.7
124621.4
128182.9
128260.0
128301.2
130068.1
130155.2
131159.4
131216.8
131834.3
131880.8
132263.1
132325.5
132573.8
132632.5
132804.4
132857.9
132972.2
133023.9
133097.8
133156.7
133256.0